
participant 4 1DCNN:
Average best accuracy: 0.4072607260726073
participant 4 SVM rbf kernel:
0.3684210526315789
0.39473684210526316
0.4605263157894737
0.40789473684210525
0.3684210526315789
AVG: 0.400
Gamma, C: (6.5, 6.5)

participant 5 1DCNN:
Average best accuracy: 0.3573416165145926
participant 5 SVM rbf kernel:
0.35064935064935066
0.38961038961038963
0.35064935064935066
0.33766233766233766
0.36363636363636365
AVG:0.3584
Gamma, C: (18.0, 3.0)

participant 9 1DCNN:
Average best accuracy: 0.3675998506905562
participant 9 SVM rbf kernel:
0.4225352112676056
0.352112676056338
0.3380281690140845
0.30985915492957744
0.3380281690140845
AVG: 0.3521
Gamma, C: (1.5, 5.0)

participant 6 1DCNN:
Average best accuracy: 0.3531746031746032
participant 6 SVM rbf kernel:
0.31746031746031744
0.3333333333333333
0.23809523809523808
0.3492063492063492
0.25396825396825395
AVG: 0.2984
Gamma, C: (1.5, 48.0)


participant 4:
Average best accuracy: 0.8708910891089109
Average best accuracy FER: 0.8642904290429043
Average best accuracy PER: 0.4004290429042905
Precision per class MER:  [0.91414141 0.9537037  0.95238095 1.         0.71243961 0.80080409 0.84444444]
Precision per class FER:  [0.83939394 0.91168091 0.93205128 1.         0.74577295 0.89144737 0.7951308 ]
Precision per class PER:  [0.5025641  0.16666667 0.42074592 0.5031746  0.43333333 0.21010101 0.28731876]
Average Precision MER:  0.8825591745377622
Average Precision FER:  0.8736396062196979
Average Precision PER:  0.36055777078668994
Recall per class MER:  [0.86507937 0.97222222 0.91880342 0.97619048 0.98039216 0.81792717 0.53654971]
Recall per class FER:  [0.83730159 0.95261438 0.84871795 0.97619048 0.95008913 0.86554622 0.58813701]
Recall per class PER:  [0.66666667 0.04166667 0.63547009 0.61701262 0.38680927 0.19047619 0.38074353]
Average Recall MER:  0.866737788232702
Average Recall FER:  0.8597995350759613
Average Recall PER:  0.4169778601335435
F1-Score per class MER:  [0.8886205  0.96269841 0.93265993 0.98765432 0.82514071 0.8018648 0.6493972 ]
F1-Score per class FER:  [0.83749792 0.93142857 0.88443223 0.98765432 0.8329445  0.86363636 0.67210145]
F1-Score per class PER:  [0.54312865 0.06666667 0.48692892 0.54564074 0.38898099 0.19862069 0.31826012]
Average F1-Score MER:  0.8640051262147458
Average F1-Score FER:  0.8585279086894394
Average F1-Score PER:  0.36403239683366506
[
  [[10.0, 1.0, 0.0, 0.0, 1.0, 0.0, 0.0], 
  [0.0, 11.0, 0.0, 0.0, 1.0, 0.0, 0.0], 
  [0.0, 0.0, 20.0, 0.0, 0.0, 0.0, 0.0], 
  [1.0, 0.0, 0.0, 13.0, 0.0, 0.0, 0.0], 
  [0.0, 0.0, 0.0, 0.0, 16.0, 0.0, 1.0], 
  [0.0, 0.0, 0.0, 0.0, 2.0, 10.0, 2.0], 
  [0.0, 0.0, 0.0, 0.0, 3.0, 2.0, 7.0]], 
  
  [[5.0, 0.0, 0.0, 0.0, 1.0, 0.0, 0.0], 
  [0.0, 16.0, 0.0, 0.0, 0.0, 0.0, 0.0], 
  [0.0, 0.0, 12.0, 0.0, 0.0, 0.0, 1.0], 
  [0.0, 0.0, 0.0, 13.0, 0.0, 0.0, 0.0], 
  [0.0, 0.0, 0.0, 0.0, 17.0, 0.0, 0.0], 
  [0.0, 0.0, 0.0, 0.0, 1.0, 15.0, 1.0], 
  [1.0, 0.0, 2.0, 0.0, 5.0, 1.0, 10.0]], 
  
  [[13.0, 0.0, 0.0, 0.0, 1.0, 0.0, 0.0], 
  [0.0, 17.0, 0.0, 0.0, 0.0, 0.0, 0.0], 
  [0.0, 1.0, 10.0, 0.0, 0.0, 1.0, 0.0], 
  [0.0, 0.0, 0.0, 18.0, 0.0, 0.0, 0.0], 
  [0.0, 0.0, 0.0, 0.0, 11.0, 0.0, 0.0], 
  [0.0, 0.0, 0.0, 0.0, 2.0, 12.0, 0.0], 
  [0.0, 0.0, 0.0, 0.0, 1.0, 6.0, 7.0]]]

[
[[9.0, 1.0, 0.0, 0.0, 2.0, 0.0, 0.0],
 [0.0, 11.0, 0.0, 0.0, 1.0, 0.0, 0.0],
 [0.0, 1.0, 19.0, 0.0, 0.0, 0.0, 0.0],
 [1.0, 0.0, 0.0, 13.0, 0.0, 0.0, 0.0],
 [1.0, 0.0, 0.0, 0.0, 16.0, 0.0, 0.0],
 [0.0, 0.0, 0.0, 0.0, 1.0, 10.0, 3.0],
 [0.0, 0.0, 1.0, 0.0, 3.0, 0.0, 8.0]],
 
 [[5.0, 0.0, 0.0, 0.0, 1.0, 0.0, 0.0],
 [0.0, 16.0, 0.0, 0.0, 0.0, 0.0, 0.0],
 [0.0, 0.0, 11.0, 0.0, 0.0, 0.0, 2.0],
 [0.0, 0.0, 0.0, 13.0, 0.0, 0.0, 0.0],
 [0.0, 0.0, 0.0, 0.0, 17.0, 0.0, 0.0],
 [0.0, 0.0, 0.0, 0.0, 1.0, 15.0, 1.0],
 [1.0, 0.0, 2.0, 0.0, 5.0, 1.0, 10.0]],
 
 [[13.0, 0.0, 0.0, 0.0, 1.0, 0.0, 0.0],
 [1.0, 16.0, 0.0, 0.0, 0.0, 0.0, 0.0],
 [0.0, 1.0, 9.0, 0.0, 0.0, 1.0, 1.0],
 [0.0, 0.0, 0.0, 18.0, 0.0, 0.0, 0.0],
 [1.0, 0.0, 0.0, 0.0, 10.0, 0.0, 0.0],
 [0.0, 0.0, 0.0, 0.0, 0.0, 14.0, 0.0],
 [0.0, 1.0, 0.0, 0.0, 1.0, 4.0, 8.0]]]

[
[[10.0, 0.0, 0.0, 2.0, 0.0, 0.0, 0.0],
 [1.0, 0.0, 1.0, 2.0, 2.0, 3.0, 3.0],
 [1.0, 0.0, 13.0, 1.0, 0.0, 0.0, 5.0],
 [0.0, 0.0, 3.0, 10.0, 1.0, 0.0, 0.0],
 [4.0, 0.0, 2.0, 2.0, 5.0, 3.0, 1.0],
 [4.0, 0.0, 2.0, 0.0, 0.0, 4.0, 4.0],
 [0.0, 0.0, 1.0, 4.0, 1.0, 1.0, 5.0]],
 
[[4.0, 0.0, 0.0, 1.0, 1.0, 0.0, 0.0],
 [2.0, 2.0, 5.0, 2.0, 3.0, 0.0, 2.0],
 [1.0, 0.0, 12.0, 0.0, 0.0, 0.0, 0.0],
 [0.0, 0.0, 4.0, 9.0, 0.0, 0.0, 0.0],
 [1.0, 0.0, 2.0, 2.0, 7.0, 0.0, 5.0],
 [4.0, 2.0, 3.0, 2.0, 3.0, 0.0, 3.0],
 [1.0, 0.0, 7.0, 2.0, 1.0, 1.0, 7.0]],

[[7.0, 0.0, 0.0, 2.0, 5.0, 0.0, 0.0],
 [2.0, 0.0, 3.0, 1.0, 1.0, 3.0, 7.0],
 [0.0, 0.0, 4.0, 2.0, 1.0, 2.0, 3.0],
 [0.0, 0.0, 3.0, 8.0, 2.0, 0.0, 5.0],
 [0.0, 0.0, 0.0, 0.0, 5.0, 3.0, 3.0],
 [0.0, 0.0, 0.0, 1.0, 3.0, 4.0, 6.0],
 [1.0, 0.0, 3.0, 1.0, 1.0, 3.0, 5.0]]]


participant 9:
Average best accuracy: 0.8585666293393057
Average best accuracy FER: 0.8550205300485256
Average best accuracy PER: 0.33923105636431505
Precision per class MER:  [0.96078431 0.8962963  0.         0.81338149 0.7750258  0.88621795 0.86507937]
Precision per class FER:  [0.91666667 0.8962963  0.         0.79876161 0.80639835 0.90719697 0.86785714]
Precision per class PER:  [0.22222222 0.23484848 0.         0.50757576 0.30549708 0.41254456 0.29329004]
Average Precision MER:  0.7423978880801084
Average Precision FER:  0.7418824334624865
Average Precision PER:  0.28228259246282245
Recall per class MER:  [0.92361111 0.94117647 0.         0.97916667 0.91880342 0.80703871 0.84543651]
Recall per class FER:  [0.92361111 0.92156863 0.         0.97916667 0.91880342 0.78481649 0.86765873]
Recall per class PER:  [0.17320261 0.20915033 0.         0.48717949 0.53947904 0.39617898 0.35813492]
Average Recall MER:  0.7736046982895722
Average Recall FER:  0.770803577841393
Average Recall PER:  0.30904648184059946
F1-Score per class MER:  [0.93939394 0.91109706 0.         0.88776844 0.83520924 0.84453102 0.85363985]
F1-Score per class FER:  [0.91414141 0.89891068 0.         0.87936508 0.85425685 0.83903652 0.86582623]
F1-Score per class PER:  [0.18835979 0.21428571 0.         0.46613757 0.36848119 0.4000104 0.31864623]
Average F1-Score MER:  0.7530913631280987
Average F1-Score FER:  0.7502195384075344
Average F1-Score PER:  0.2794172707531154
[[[17.0, 0.0, 0.0, 0.0, 0.0, 0.0, 0.0],
 [0.0, 12.0, 0.0, 0.0, 0.0, 0.0, 0.0],
 [0.0, 2.0, 0.0, 3.0, 0.0, 0.0, 0.0],
 [0.0, 0.0, 0.0, 16.0, 0.0, 0.0, 0.0],
 [0.0, 0.0, 0.0, 0.0, 15.0, 0.0, 3.0],
 [0.0, 0.0, 0.0, 0.0, 1.0, 12.0, 0.0],
 [0.0, 1.0, 0.0, 0.0, 1.0, 0.0, 12.0]],
 
 [[10.0, 0.0, 0.0, 0.0, 1.0, 0.0, 1.0],
 [0.0, 16.0, 0.0, 0.0, 0.0, 0.0, 0.0],
 [0.0, 1.0, 0.0, 2.0, 1.0, 2.0, 0.0],
 [0.0, 0.0, 0.0, 13.0, 0.0, 0.0, 0.0],
 [0.0, 0.0, 0.0, 0.0, 14.0, 0.0, 0.0],
 [0.0, 1.0, 0.0, 2.0, 1.0, 13.0, 0.0],
 [0.0, 0.0, 0.0, 0.0, 2.0, 1.0, 13.0]],
 
 [[15.0, 0.0, 0.0, 0.0, 0.0, 0.0, 1.0],
 [2.0, 14.0, 0.0, 1.0, 0.0, 0.0, 0.0],
 [0.0, 0.0, 0.0, 1.0, 0.0, 1.0, 0.0],
 [0.0, 0.0, 0.0, 15.0, 0.0, 1.0, 0.0],
 [0.0, 0.0, 0.0, 0.0, 12.0, 0.0, 1.0],
 [0.0, 0.0, 0.0, 1.0, 3.0, 11.0, 0.0],
 [0.0, 0.0, 0.0, 0.0, 2.0, 0.0, 13.0]]]

[[[17.0, 0.0, 0.0, 0.0, 0.0, 0.0, 0.0],
 [0.0, 12.0, 0.0, 0.0, 0.0, 0.0, 0.0],
 [0.0, 2.0, 0.0, 3.0, 0.0, 0.0, 0.0],
 [0.0, 0.0, 0.0, 16.0, 0.0, 0.0, 0.0],
 [0.0, 0.0, 0.0, 0.0, 15.0, 0.0, 3.0],
 [0.0, 0.0, 0.0, 0.0, 1.0, 12.0, 0.0],
 [0.0, 1.0, 0.0, 0.0, 1.0, 0.0, 12.0]],
 
 [[10.0, 0.0, 0.0, 0.0, 1.0, 0.0, 1.0],
 [0.0, 16.0, 0.0, 0.0, 0.0, 0.0, 0.0],
 [0.0, 1.0, 0.0, 2.0, 1.0, 2.0, 0.0],
 [0.0, 0.0, 0.0, 13.0, 0.0, 0.0, 0.0],
 [0.0, 0.0, 0.0, 0.0, 14.0, 0.0, 0.0],
 [0.0, 1.0, 0.0, 2.0, 1.0, 13.0, 0.0],
 [0.0, 0.0, 0.0, 0.0, 2.0, 1.0, 13.0]],
 
 [[15.0, 0.0, 0.0, 0.0, 0.0, 0.0, 1.0],
 [4.0, 13.0, 0.0, 0.0, 0.0, 0.0, 0.0],
 [0.0, 0.0, 0.0, 2.0, 0.0, 0.0, 0.0],
 [0.0, 0.0, 0.0, 15.0, 0.0, 1.0, 0.0],
 [0.0, 0.0, 0.0, 0.0, 12.0, 0.0, 1.0],
 [0.0, 0.0, 0.0, 2.0, 3.0, 10.0, 0.0],
 [1.0, 0.0, 0.0, 0.0, 0.0, 0.0, 14.0]]]

[[[6.0, 4.0, 0.0, 0.0, 1.0, 2.0, 4.0],
 [1.0, 4.0, 0.0, 1.0, 2.0, 2.0, 2.0],
 [0.0, 0.0, 0.0, 0.0, 2.0, 2.0, 1.0],
 [1.0, 3.0, 0.0, 6.0, 1.0, 5.0, 0.0],
 [3.0, 2.0, 0.0, 1.0, 5.0, 0.0, 7.0],
 [5.0, 0.0, 0.0, 0.0, 1.0, 5.0, 2.0],
 [2.0, 3.0, 0.0, 0.0, 3.0, 0.0, 6.0]],
 
 [[2.0, 0.0, 0.0, 2.0, 5.0, 1.0, 2.0],
 [2.0, 0.0, 0.0, 5.0, 1.0, 1.0, 7.0],
 [0.0, 0.0, 0.0, 4.0, 1.0, 1.0, 0.0],
 [0.0, 1.0, 0.0, 6.0, 3.0, 0.0, 3.0],
 [2.0, 0.0, 0.0, 0.0, 8.0, 1.0, 3.0],
 [0.0, 2.0, 0.0, 4.0, 3.0, 8.0, 0.0],
 [0.0, 1.0, 0.0, 1.0, 4.0, 5.0, 5.0]],
 
 [[0.0, 2.0, 0.0, 2.0, 8.0, 2.0, 2.0],
 [0.0, 5.0, 0.0, 3.0, 6.0, 1.0, 2.0],
 [0.0, 0.0, 0.0, 1.0, 1.0, 0.0, 0.0],
 [0.0, 1.0, 0.0, 10.0, 3.0, 2.0, 0.0],
 [0.0, 0.0, 0.0, 1.0, 10.0, 1.0, 1.0],
 [0.0, 1.0, 0.0, 2.0, 3.0, 5.0, 4.0],
 [0.0, 2.0, 0.0, 1.0, 7.0, 0.0, 5.0]]]

participant 5:
Average best accuracy: 0.8262473306154144
Average best accuracy FER: 0.8229470005824111
Average best accuracy PER: 0.3476994758299359
Precision per class MER:  [0.92361111 0.75751634 0.76282051 0.95396825 0.8246578  0.90740741 0.69047619]
Precision per class FER:  [0.92361111 0.78968254 0.74811463 0.95396825 0.79901677 0.89181287 0.69074074]
Precision per class PER:  [0.38900383 0.36190476 0.11111111 0.36997755 0.42929293 0.25873016 0.46865079]
Average Precision MER:  0.8314939448563952
Average Precision FER:  0.8281352734526107
Average Precision PER:  0.3412387342026094
Recall per class MER:  [0.92156863 0.85       0.69318182 1.         0.8462963  0.8462963 0.62179487]
Recall per class FER:  [0.92156863 0.85       0.69318182 1.         0.82407407 0.8462963 0.62660256]
Recall per class PER:  [0.78253119 0.22962963 0.09090909 0.46703297 0.14259259 0.19259259 0.50160256]
Average Recall MER:  0.8255911300028949
Average Recall FER:  0.8231033400151048
Average Recall PER:  0.34384151873647667
F1-Score per class MER:  [0.92207792 0.79938272 0.68055556 0.97616007 0.83449518 0.87345679 0.63909949]
F1-Score per class FER:  [0.92207792 0.81789358 0.6729798  0.97616007 0.80843481 0.86544878 0.63585434]
F1-Score per class PER:  [0.51328242 0.26446886 0.1        0.39789474 0.19860266 0.21944444 0.41557971]
Average F1-Score MER:  0.8178896754869902
Average F1-Score FER:  0.8141213280595506
Average F1-Score PER:  0.30132469074873164
[[[15.0, 1.0, 0.0, 0.0, 0.0, 0.0, 1.0],
 [1.0, 11.0, 0.0, 0.0, 0.0, 0.0, 0.0],
 [0.0, 0.0, 12.0, 0.0, 2.0, 1.0, 1.0],
 [0.0, 0.0, 0.0, 14.0, 0.0, 0.0, 0.0],
 [0.0, 0.0, 1.0, 0.0, 11.0, 0.0, 3.0],
 [0.0, 0.0, 1.0, 1.0, 1.0, 11.0, 1.0],
 [0.0, 3.0, 2.0, 0.0, 0.0, 0.0, 8.0]],
 
 [[11.0, 0.0, 0.0, 0.0, 0.0, 0.0, 0.0],
 [0.0, 12.0, 0.0, 0.0, 1.0, 0.0, 2.0],
 [0.0, 2.0, 5.0, 1.0, 0.0, 1.0, 2.0],
 [0.0, 0.0, 0.0, 13.0, 0.0, 0.0, 0.0],
 [0.0, 0.0, 0.0, 0.0, 16.0, 1.0, 1.0],
 [0.0, 1.0, 0.0, 0.0, 1.0, 16.0, 0.0],
 [0.0, 2.0, 0.0, 0.0, 1.0, 0.0, 13.0]],
 
 [[15.0, 0.0, 1.0, 0.0, 0.0, 0.0, 1.0],
 [0.0, 15.0, 3.0, 0.0, 0.0, 0.0, 0.0],
 [0.0, 1.0, 7.0, 0.0, 0.0, 0.0, 0.0],
 [0.0, 0.0, 0.0, 18.0, 0.0, 0.0, 0.0],
 [0.0, 0.0, 0.0, 0.0, 11.0, 0.0, 1.0],
 [0.0, 0.0, 0.0, 0.0, 1.0, 11.0, 0.0],
 [3.0, 2.0, 2.0, 0.0, 1.0, 1.0, 7.0]]]

[[[15.0, 1.0, 0.0, 0.0, 0.0, 0.0, 1.0],
 [1.0, 11.0, 0.0, 0.0, 0.0, 0.0, 0.0],
 [0.0, 0.0, 12.0, 0.0, 2.0, 1.0, 1.0],
 [0.0, 0.0, 0.0, 14.0, 0.0, 0.0, 0.0],
 [0.0, 0.0, 2.0, 0.0, 10.0, 0.0, 3.0],
 [0.0, 0.0, 1.0, 1.0, 1.0, 11.0, 1.0],
 [0.0, 2.0, 2.0, 0.0, 0.0, 0.0, 9.0]],
 
 [[11.0, 0.0, 0.0, 0.0, 0.0, 0.0, 0.0],
 [0.0, 12.0, 0.0, 0.0, 1.0, 0.0, 2.0],
 [0.0, 1.0, 5.0, 1.0, 0.0, 2.0, 2.0],
 [0.0, 0.0, 0.0, 13.0, 0.0, 0.0, 0.0],
 [0.0, 0.0, 0.0, 0.0, 16.0, 1.0, 1.0],
 [0.0, 1.0, 0.0, 0.0, 1.0, 16.0, 0.0],
 [0.0, 2.0, 0.0, 0.0, 1.0, 0.0, 13.0]],
 
 [[15.0, 0.0, 1.0, 0.0, 0.0, 0.0, 1.0],
 [0.0, 15.0, 3.0, 0.0, 0.0, 0.0, 0.0],
 [0.0, 1.0, 7.0, 0.0, 0.0, 0.0, 0.0],
 [0.0, 0.0, 0.0, 18.0, 0.0, 0.0, 0.0],
 [0.0, 0.0, 0.0, 0.0, 11.0, 0.0, 1.0],
 [0.0, 0.0, 0.0, 0.0, 1.0, 11.0, 0.0],
 [3.0, 2.0, 2.0, 0.0, 2.0, 1.0, 6.0]]]

[[[11.0, 2.0, 0.0, 2.0, 0.0, 2.0, 0.0],
 [4.0, 4.0, 0.0, 0.0, 0.0, 2.0, 2.0],
 [4.0, 1.0, 0.0, 3.0, 0.0, 2.0, 6.0],
 [1.0, 5.0, 0.0, 4.0, 0.0, 2.0, 2.0],
 [2.0, 1.0, 0.0, 1.0, 1.0, 5.0, 5.0],
 [2.0, 0.0, 0.0, 0.0, 0.0, 2.0, 11.0],
 [1.0, 1.0, 0.0, 1.0, 1.0, 0.0, 9.0]],
 
 [[9.0, 0.0, 0.0, 1.0, 0.0, 1.0, 0.0],
 [5.0, 2.0, 0.0, 5.0, 1.0, 1.0, 1.0],
 [5.0, 0.0, 3.0, 1.0, 0.0, 2.0, 0.0],
 [3.0, 0.0, 2.0, 8.0, 0.0, 0.0, 0.0],
 [3.0, 1.0, 0.0, 4.0, 5.0, 5.0, 0.0],
 [3.0, 2.0, 4.0, 4.0, 3.0, 2.0, 0.0],
 [1.0, 0.0, 0.0, 4.0, 2.0, 3.0, 6.0]],
 
 [[15.0, 0.0, 0.0, 1.0, 0.0, 0.0, 1.0],
 [4.0, 4.0, 0.0, 4.0, 2.0, 1.0, 3.0],
 [3.0, 2.0, 0.0, 0.0, 0.0, 1.0, 2.0],
 [4.0, 2.0, 0.0, 9.0, 0.0, 1.0, 2.0],
 [3.0, 0.0, 0.0, 2.0, 1.0, 0.0, 6.0],
 [3.0, 1.0, 0.0, 1.0, 0.0, 4.0, 3.0],
 [4.0, 1.0, 0.0, 3.0, 0.0, 1.0, 7.0]]]


participant 6:
Average best accuracy: 0.7341269841269842
Average best accuracy FER: 0.7301587301587302
Average best accuracy PER: 0.32936507936507936
Precision per class MER:  [0.719315   0.69655797 0.66666667 0.95694444 0.33333333 0. 0.74891775]
Precision per class FER:  [0.67689076 0.69107143 0.72982456 0.85178097 0.33333333 0. 0.71320346]
Precision per class PER:  [0.1984127  0.36379928 0.30533884 0.47102605 0.         0. 0.504329  ]
Average Precision MER:  0.5888193090147784
Average Precision FER:  0.5708720729120994
Average Precision PER:  0.26327226746322313
Recall per class MER:  [0.94444444 0.78253119 0.95833333 0.83333333 0.16666667 0. 0.64826546]
Recall per class FER:  [0.98148148 0.70409982 0.95833333 0.87037037 0.16666667 0. 0.64826546]
Recall per class PER:  [0.15873016 0.53654189 0.68429487 0.35185185 0.         0. 0.18964304]
Average Recall MER:  0.6190820617291205
Average Recall FER:  0.618459590518414
Average Recall PER:  0.2744374012231155
F1-Score per class MER:  [0.81411875 0.73309179 0.78430648 0.89067142 0.22222222 0. 0.68767865]
F1-Score per class FER:  [0.79745208 0.68955059 0.82611833 0.85580126 0.22222222 0. 0.66988109]
F1-Score per class PER:  [0.17628205 0.41133097 0.42221165 0.37327327 0.         0. 0.19246032]
Average F1-Score MER:  0.590298471957184
Average F1-Score FER:  0.5801465102774126
Average F1-Score PER:  0.2250797525432851
[[[17.0, 0.0, 1.0, 0.0, 0.0, 0.0, 0.0],
 [0.0, 9.0, 1.0, 0.0, 0.0, 0.0, 1.0],
 [1.0, 0.0, 15.0, 0.0, 0.0, 0.0, 0.0],
 [0.0, 0.0, 0.0, 8.0, 0.0, 0.0, 1.0],
 [10.0, 0.0, 1.0, 0.0, 0.0, 0.0, 0.0],
 [0.0, 0.0, 2.0, 0.0, 0.0, 0.0, 0.0],
 [0.0, 3.0, 5.0, 0.0, 0.0, 0.0, 9.0]],
 
 [[8.0, 1.0, 0.0, 0.0, 0.0, 0.0, 0.0],
 [0.0, 15.0, 0.0, 1.0, 0.0, 0.0, 1.0],
 [1.0, 0.0, 15.0, 0.0, 0.0, 0.0, 0.0],
 [0.0, 2.0, 0.0, 15.0, 0.0, 0.0, 1.0],
 [2.0, 1.0, 4.0, 0.0, 0.0, 0.0, 0.0],
 [0.0, 2.0, 0.0, 0.0, 0.0, 0.0, 0.0],
 [0.0, 2.0, 1.0, 0.0, 0.0, 0.0, 12.0]],
 
 [[14.0, 0.0, 0.0, 0.0, 0.0, 0.0, 0.0],
 [1.0, 11.0, 0.0, 1.0, 0.0, 0.0, 4.0],
 [0.0, 0.0, 13.0, 0.0, 0.0, 0.0, 0.0],
 [0.0, 2.0, 0.0, 14.0, 0.0, 0.0, 2.0],
 [2.0, 0.0, 0.0, 0.0, 2.0, 0.0, 0.0],
 [0.0, 2.0, 3.0, 0.0, 0.0, 0.0, 0.0],
 [0.0, 1.0, 4.0, 0.0, 0.0, 0.0, 8.0]]]

[[[17.0, 0.0, 1.0, 0.0, 0.0, 0.0, 0.0],
 [0.0, 9.0, 0.0, 1.0, 0.0, 0.0, 1.0],
 [1.0, 0.0, 15.0, 0.0, 0.0, 0.0, 0.0],
 [0.0, 1.0, 0.0, 8.0, 0.0, 0.0, 0.0],
 [10.0, 1.0, 0.0, 0.0, 0.0, 0.0, 0.0],
 [0.0, 0.0, 1.0, 0.0, 0.0, 0.0, 1.0],
 [0.0, 4.0, 2.0, 2.0, 0.0, 0.0, 9.0]],
 [[9.0, 0.0, 0.0, 0.0, 0.0, 0.0, 0.0],
 [2.0, 11.0, 0.0, 2.0, 0.0, 0.0, 2.0],
 [0.0, 0.0, 15.0, 0.0, 0.0, 0.0, 1.0],
 [0.0, 0.0, 0.0, 17.0, 0.0, 0.0, 1.0],
 [3.0, 0.0, 4.0, 0.0, 0.0, 0.0, 0.0],
 [1.0, 1.0, 0.0, 0.0, 0.0, 0.0, 0.0],
 [0.0, 2.0, 1.0, 0.0, 0.0, 0.0, 12.0]],
 
 [[14.0, 0.0, 0.0, 0.0, 0.0, 0.0, 0.0],
 [1.0, 11.0, 0.0, 1.0, 0.0, 0.0, 4.0],
 [0.0, 0.0, 13.0, 0.0, 0.0, 0.0, 0.0],
 [0.0, 2.0, 0.0, 14.0, 0.0, 0.0, 2.0],
 [2.0, 0.0, 0.0, 0.0, 2.0, 0.0, 0.0],
 [0.0, 2.0, 3.0, 0.0, 0.0, 0.0, 0.0],
 [0.0, 1.0, 4.0, 0.0, 0.0, 0.0, 8.0]]]

[[[0.0, 8.0, 7.0, 1.0, 0.0, 0.0, 2.0],
 [0.0, 8.0, 3.0, 0.0, 0.0, 0.0, 0.0],
 [0.0, 3.0, 12.0, 0.0, 0.0, 0.0, 1.0],
 [0.0, 2.0, 3.0, 3.0, 0.0, 0.0, 1.0],
 [0.0, 8.0, 1.0, 1.0, 0.0, 0.0, 1.0],
 [0.0, 0.0, 2.0, 0.0, 0.0, 0.0, 0.0],
 [0.0, 2.0, 7.0, 6.0, 0.0, 0.0, 2.0]],
 
 [[3.0, 2.0, 3.0, 1.0, 0.0, 0.0, 0.0],
 [2.0, 10.0, 4.0, 1.0, 0.0, 0.0, 0.0],
 [2.0, 2.0, 11.0, 1.0, 0.0, 0.0, 0.0],
 [0.0, 2.0, 7.0, 9.0, 0.0, 0.0, 0.0],
 [0.0, 2.0, 4.0, 1.0, 0.0, 0.0, 0.0],
 [0.0, 1.0, 1.0, 0.0, 0.0, 0.0, 0.0],
 [0.0, 1.0, 7.0, 6.0, 0.0, 0.0, 1.0]],
 
 [[2.0, 4.0, 5.0, 0.0, 0.0, 0.0, 3.0],
 [7.0, 5.0, 3.0, 1.0, 0.0, 0.0, 1.0],
 [1.0, 1.0, 8.0, 0.0, 0.0, 0.0, 3.0],
 [0.0, 4.0, 3.0, 4.0, 0.0, 0.0, 7.0],
 [0.0, 0.0, 2.0, 0.0, 0.0, 0.0, 2.0],
 [0.0, 0.0, 4.0, 0.0, 0.0, 0.0, 1.0],
 [2.0, 1.0, 4.0, 1.0, 0.0, 0.0, 5.0]]]


Predicting BVP with 3DCNN
----------------------
participant_0
 Zero R: 
   RMSE: 0.043680045778248994
   MAE: 0.030666667086372047
 RNN: 
   RMSE: 0.03795096445151718
   MAE: 0.02763333176780078
----------------------
participant_1
 Zero R: 
   RMSE: 0.07878339772703608
   MAE: 0.06146208862469318
 RNN: 
   RMSE: 0.07584352222287936
   MAE: 0.058896970055583454
----------------------
participant_2
 Zero R: 
   RMSE: 0.14421387202758282
   MAE: 0.10134287084536035
 RNN: 
   RMSE: 0.11238829230116039
   MAE: 0.08524630177352165
----------------------
participant_3
 Zero R: 
   RMSE: 0.0689657798785774
   MAE: 0.043710059681561775
 RNN: 
   RMSE: 0.055560390849499076
   MAE: 0.03486371190390653
----------------------
participant_4
 Zero R: 
   RMSE: 0.11702486733746885
   MAE: 0.07436671507659842
 RNN: 
   RMSE: 0.10128465701354905
   MAE: 0.06679599871858954
----------------------
participant_5
 Zero R: 
   RMSE: 0.13655166616879122
   MAE: 0.10433857948687968
 RNN: 
   RMSE: 0.13397169122958277
   MAE: 0.10250738604615132
----------------------
participant_6
 Zero R: 
   RMSE: 0.10153182335836863
   MAE: 0.07399618450669827
 RNN: 
   RMSE: 0.09565255109718612
   MAE: 0.07197909227882822
----------------------
participant_7
 Zero R: 
   RMSE: 0.14859878346740774
   MAE: 0.11266189882177709
 RNN: 
   RMSE: 0.1224253679778348
   MAE: 0.095428424111257
----------------------
participant_8
 Zero R: 
   RMSE: 0.13376048850766417
   MAE: 0.08798903345095299
 RNN: 
   RMSE: 0.12850409438197188
   MAE: 0.08443209539271063
----------------------
participant_9
 Zero R: 
   RMSE: 0.13996822506366727
   MAE: 0.11012732407372511
 RNN: 
   RMSE: 0.1487410421385189
   MAE: 0.12017078211324082


